0:156,283,506,632,690,795,971
1:26,61,88,133,155,156,162,200,338,361,398,429,526,698,715,814,831,834,836,838,902,926
2:76,87,120,202,365,479,538,576,647,721,783
3:38,91,717,828,932
4:90,101,131,325,548,886
5:61,77,139,318,321,431,485,603,615,674,802,804,930
6:
7:245
8:19,99,349,673,674
9:130,308,521,562,697,763
10:6,340,375,404,412,474,557,616,721,968
11:112,488,580,778,874,969
12:563
13:9,178,181,198,346,367,514,668
14:216,271,498,513,530,825
15:83,123,330,366,695,724,740,744,760
16:708
17:65,203,370,435,519
18:105,228,315,397,625,810,864,980
19:135,207,265,309,531,582,671
20:64,94,148,669,722,734,801,828,888,959
21:345,502,518,621,652,723,821
22:9,48,128,262,304,569,950
23:41,156,230,288,415,427,459,541,564,579,733,858,921,937,976,978,988
24:296,509,580,653,680,770,788,790,937
25:
26:15,117,123,573,673,754,795,830
27:141,218,235,288,297,449,456,640,997
28:11,189,196,237,286,327,335,368,429,465,511,583,655,757,839
29:127,264,354,488,515,651,687,800
30:117,128,181,213,235,338,381,403,490,499,579,621,769,794,844,853,906,908,928,962
31:1,87,134,356,421,494,505,612,624,680,720,724,743,760,814,859,883,909,922
32:74,168,173,245,311,367,482,486,549,564,567,575,605,763,796,800,815,817,928,934,961
33:199,447,642,720,825,849,933,972
34:0,46,137,181,318,493,526,601,652,710,796
35:131,160,346,590,596,642,714,800
36:5,63,71,88,144,150,160,254,299,311,332,378,514,568,597,600,616,622,643,647,872
37:44,55,88,141,171,198,207,218,243,270,296,456,650,779,825,884
38:156,206,214,227,297,370,481,483,528,609,628,890,944,956,983
39:61,90,167,269,348,453,535
40:
41:371,434,451,539,573,586,688
42:174,319,445,499,564,747,831,833
43:62,218,234,337,568,583,725,731,758,933,965,977
44:30,73,210,276,317,420,478,483,485,490,539,588,629,631,669,677,716,739,808,809,840,896,922
45:17,198,214,436,517,539,744,868,871,978
46:211,233,320,330,361,394,564,638,669,677,750,818,825,852,856,867,874,983
47:810,955
48:328,532,641,652,700,762,875,934
49:31,191,266,303,603,808,831,881,916,921
50:824,864
51:106,150,278,376,393,395,520,558,577,643,672,804
52:150,202,355,391,401,584,623
53:18,81,142,243,333,502,685,791,988
54:376,493,508,949
55:12,78,152,153,420,483,498,609,734,865,877,902,904,980
56:31,224,471
57:5,133,180,192,249,356,547,746,820,830
58:45,97,158,224,324,327,457,518,540,572,601,843,857,939,946,984
59:1,228,244,255,402,444,534,663,801,851,927
60:9,37,167,217,233,359,539,540,649,945
61:45,65,221,469,493,509,535,617,851
62:5,36,71,249,318,389,453,555,708,734,902,926,932
63:236,303,465,477,514,581,723,752,883,889,898,965,975
64:90,156,340,473,476,481,500,532,620,756
65:64,235,262,293,308,312,353,370,397,493,584,671,681,718,813,891,925,955,959
66:195,202,278,428,534,562,855,867,868,996
67:19,564,568,780,900,991
68:2,11,298,302,315,324,325,449,532,721,775,853,965
69:59,181,271,332,374,482,491,497
70:41,324,568,793,830
71:16,209,218,325,371,491,594,604
72:21,50,257,442,579,638,732,867
73:52,281,301,404,483,580,585,626,791,849,958
74:177,203,298,331,426,445,572,643,650,684,693,701,720,804,908,974
75:0,125,135,169,461,495,508,521,527,619,806,835
76:349
77:99,196,223,450,761
78:109,203,235,314,479,543,630,662,777
79:28,101,224,374,416,711,792,933,962
80:103,365,416,475,769
81:36,159,550,581,607,673,830,835,925
82:253,360,475
83:112,652
84:7,92,302,358,583,685,705,990
85:32,276,357,600,666,672,828,831,992
86:42,81,118,149,219,316,814,884,946
87:15,30,235,882
88:2,7,20,149,157,254,272,429,558,563,667,681
89:26,30,36,660
90:112,144,168,188,261,289,493,547,602,635,711,744,813,819
91:43,198,226,463,472,482,540,754,912,987
92:29,104,120,123,149,190,271,283,320,463,492,596,782,939,954,983
93:272,577,610,669,678
94:240,277,329,398,413,465,496,498,561,563,712,802,830
95:809,893
96:88,240,585,618,720,792
97:553,589,989,992
98:64,68,387,474,601,629,713,836,838,866,950,959,976
99:42,246,258,439,481,518,560,743,869,891,909
100:42,192,376,760
101:21,168,329,339,348
102:24,31,191,214,249,910
103:45,67,78,184,254,463,582
104:89,173,655,701
105:
106:43,119,741,784
107:17,95,103,214,328,335,437,474,592,800,878,997
108:15,160,248,425,797,982,984
109:166,386,788
110:96,277,599,608,679,761,824,939
111:45,57,192,200,418,632,965
112:68,92,168,529
113:126,233,270,323,621,757,794,901,902
114:7,17,58,107,239,672,759,825,851,863,938
115:732,873,955
116:252,389,459,483,488,546,829,955
117:218,453,940
118:301,328,481,740,840,921
119:676,772,886,941
120:4,208,274,405,468,469,515,779
121:244,354,414,439,530,562,758,836
122:30,195,253,520,661,746
123:23,144,267,348,402,457,562,643,701,706,744,770,908,918,993
124:46,577,626,686
125:331,481,571
126:98,158,218,240,413,434,563,574,672,800,897,928
127:114,156,215,412,428,513,568,579,606,760
128:364,519,706
129:834,852,917
130:1,11,373,417,458,534,549,640,910,981
131:32,48,68,80,173,247,268,441,605,674,697
132:35,255,299,443,478,533,539,633,709,717,757
133:81,90,118,240,371,465,467,535,582,633
134:132,307,340,344,354,357,359,421,499,562,593,929,944
135:218,231,278,298,435,647,855,963,979
136:43,45,48,117,234,283,314,331,425,450,483,533,538,563,609,618,701,728,733,769,885,951,953,954
137:4,199,472,581,795,817,879,920,932
138:120,137,206,242,443,932
139:36,117,541,658,696,771,983
140:243,748
141:17,64,74,143,175,189,211,212,408,434,464,495,503,607,692,783,822,834,835,862,905,936,992
142:63,643
143:201,492,542
144:86,460,553,558,666,685,694,719,828
145:24,108,120,358,406,560,582
146:67
147:8,24,793
148:111,119,134,276,343,394,441,640,709
149:465,883,979
150:7,28,33,50,64,194,281,343,447,672,832,913
151:5,62,277,337,462,515,643,919,959
152:58,131,184,549,843,963
153:58,112,178,206,543,770,940
154:507
155:167,202,227,321,506,532,555,576,748
156:63,110,664,874,918
157:84,165,200,246,373,412,445,480,687,760,836,897,943
158:86,92,115,131,142,265,302,367,398,629
159:66,99,258,621,796,923,982
160:42,462,580
161:61,110,137,186,354,366,715,810
162:15,225,739
163:62,136,200,264,409,471,657,732,769,795,826
164:115,133,183,304,393,574,883,906,979
165:4,141,203,358,487,938
166:46,569
167:9,18,140,485,638,692,701,842
168:9,14,27,131,156,192,364,396,413,469,475,604,841
169:27,201,227,246,277,881
170:
171:64,128,222,239,583,630
172:
173:282,359,435,604,681,753,870
174:12,181,310,545,606,612
175:35,228,271,335,602,624,709,760,965,977
176:66,191,385,411,640,887
177:45,64,171,241,486,771,791,902,974
178:5,119,171,173,221,522,582
179:103,106,162,823,964
180:104,254,258,278,288,342,453,471,486,528,530,534,543,563,611,628,636,654,696,728,730,749,970
181:85,161,469,598,621,949
182:35,73,89,253,313,422,660,734,812
183:145,315,451,481,595,670,987
184:7,85,96,119,145,238,277,365,522,653,696
185:79,92,96,285,440,443,524,808,956
186:122,130,321,323,794,991
187:
188:128,143,234,516,536,561,733,890
189:91,319,404,505,797,891,962
190:8,74,133,234,567,871,888,903,999
191:47,115,350,450,567,662,690,793,822
192:589,631,907
193:10,46,196,203,211,266,405,542,808,811
194:19,71,219,230,330,392,696,709,853,882
195:62,92,306,430,444,778,938,940
196:353,576,591,603,693
197:398,624,794
198:42,96
199:103,183,236,455,480,521,604,638,680,738,809
200:5,7,53,95,158,449,465,513,572,611,714,732,806,807,919,999
201:151,162,267,586,791,859,869,877
202:31,174,278,751,861,995
203:6,295,502,533,662,732
204:31,179,798,841,854
205:300
206:59,99,174,392,600,951
207:58,266,275,609,647,992
208:57,130,430,458,485,541,595,901
209:15,103,185,317,555,597,670,720,798,799,866,923,945
210:176,183,296,592,775,795,813,824,873
211:73,119,127,163,206,219,304,393,408,470,570,936
212:27,73,141,457,585,696,719,990
213:33,261,694,841
214:48,190,222,482,560,721,793
215:34,208,317,329,542,624,687,923
216:177,303,421,451,495,516,658,867
217:173,337,535,579,583,844
218:13,78,104,108,132,165,175,206,235,249,268,337,400,411,447,497,560,568,579,591,657,797,808,815,859,862,870,937,966,977
219:29,87,93,94,127,388,460,467,624,633,716,842,969
220:74,156,377,387,412,770,883,952,997
221:17,30,153,208,230,420,474,532,536,558,593,615,634,737,779,835
222:192,370,447,471,505,552,852,879
223:48,63,385,435,547
224:59,75,179,400,403,648,825
225:734,950
226:20,103,158,189,218,487,505,601,776,811
227:45,161,201,345,349,465,545,641,671,702,955
228:164,406,409,656
229:
230:55,90,113,144,268,332,429,482,509,604,734,829,935,940
231:190,203,380,468,771,777
232:224,382,437,462,487,512,518,615,704
233:22,36,79,88,517,611,666,957
234:8,118,204,512,605,890
235:69,106,290,316,324,335,451,517,661,680,755,785,790,833,857,858,917,947,964
236:38,39,58,77,99,101,121,310,375,388,413,477,522,625,626,634,965
237:105,148,172,200,418,468,550,566,651,787,940
238:201,474,531,534,539,680
239:57,98,314,469,511,702,816,839
240:44,119,618,887,992
241:38,93,178,191,200,203,428,718,984
242:61,179,578,851,910
243:46,79,186,216,236,371,387,438,485,764
244:62,90,297,333,413,504,539,602,680
245:
246:71,100,110,161,182,207,269,355,830,976
247:290,316,352,500,800,865,960
248:190,209,241,389,575,593,680,767,782,877,910
249:15,68,111,257,273,536,630,754,792,805,819
250:117,279,348
251:67,149,214,242,568
252:9,16,36,128,155,183,241,255,277,309,332,397,471,814,864,917
253:105,151,193,281,641,840
254:5,39,102,126,226,268,271,302,356,358,406,456,465,483,511,551,569,600,774,787,812
255:100,185,205,259,327,339,343,348,379,422,628,662,679,735,816,850,861
256:535,581,737,761,781
257:58,180,202,237,306,652,865,882,991
258:14,168,510,787,799
259:9,129,173,219,289,521,556,840,873
260:10,15,141,263,463,467,866
261:11,49,68,84,171,175,232,359,453,460,464,506,556,628,697,803
262:336,652,708,912,984
263:147,728
264:51,308,311,462,677,787,831,840
265:878
266:32,55,108,758,876,964
267:34,203,301,360,394,399
268:26,64,133,200,256,259,298,634,733,759,833,891,937
269:85,130,282
270:169,437,551,556,629,687,975
271:51,70,367,461,467,716,995
272:54,92,98,100,271,400,468,524,698,824
273:82,90,126,930,988
274:79,126,182,252,260,356,496,628
275:123,217,658,687
276:127,172,248,311,403,523,673,784,802,829
277:31,233,378,442,493,657,702,788,800
278:21,205,213,224,310,475,513,677,896,914
279:60,109,118,491,531,697,939
280:274,376,544,577,652
281:185,304,378,949
282:17,18,24,69,198,221,275,311,339,359,434,509,518,533,545,603,643,756,776,904,935,945,993
283:8,48,74,96,97,101,174,176,196,254,286,300,306,310,327,335,383,441,469,475,500,514,623,652,668,706,708,732,735,750,815,856,953,992
284:
285:73,124,131,252,300,403,447,484,527,606,713,827,838,922,946
286:29,80,136,157,210,260,278,323,373,390,395,402,468,470,504,515,534,548,671,695,700,705,714,715,754,778,920,922,943,974
287:27,380,571,578,734,989
288:4,86,97,252,556,602,809,829
289:63,108,221,317,421,666,737,889,933,942
290:36,37,100,159,167,295,310,849,874,917
291:772
292:865
293:22,75,122,136,142,185,202,897
294:
295:268,434,651,774
296:42,89,115,123,143,195,249,250,366,371,465,530,744,809,861,886,925,982
297:38,46,60,211,385,481,589,920,943,954
298:52,249,259,285,547,576,854,927
299:19,29,354,367,581,601,809,844,869,875,928
300:156,516,888,952
301:5,74,139,249,536,543,690,706,723,726,838
302:58,84,114,380,466,627,776,793,867,905
303:127,139,268,418,571,809,826,854
304:0,107,191,244,258,325,549,769,837,920,940,972
305:61,320,564,825
306:8,14,111,133,136,231,312,509,515,543,610,623,655,720
307:177
308:2,101,124,240,742,749
309:66,91,96,97,122,581,654,681,820
310:6,182,202,372,568,629,748,785
311:374,481,645,718
312:38,129,252,273,308,328,685,725
313:117,192,303
314:3,475,993
315:24,29,34,41,71,297,386,484,498,533,560,663,683,762,854,927
316:14,37,46,85,129,322,484,485,509,570,576,595,703,768,828,882,950
317:165,708,835
318:3,141,235,263,286,314,337,409,591,691,735,780,829,837,881,942
319:1,28,56,124,158,171,219,317,498,575,981,986
320:20,29,46,110,290,319,403,440,506,519,567,610,887,952
321:150,584,702,979
322:88,257,301,994
323:22,202,214,444,532,832,914,928,934,956
324:72,92,219,295,328,515,684,798,980
325:48,551
326:
327:134,165,342,360,499,533
328:909
329:90,227,289,397,531,706,815,826,961
330:8,132,579,770
331:87,99,127,129,431,717,946
332:71,295,829,875
333:65,95,126,191,399,790
334:74,184,200,722,770,829
335:82,189,407,592,653,966
336:39,90,111,169,230,296,337,341,416,436,477,556,608,700,733,801,818,848,928,975
337:22,93,118,492,576,723,749,921,984
338:30,89,91,92,375,656,726,813
339:216,258,384,447,660,857,988
340:169,548,591,921
341:120,121,140,169,183,263,530,547,634,669,974
342:149,194,209,228,233,291,384,969,978
343:1,203,250,287,405,594,880
344:182,215,222,245,271,286,311,402,525,556,560,658,733,991
345:151,159,220,232,349,373,399,554,593,659
346:146,175,420,968
347:112,166,182,309,374,442,465,467,573,851,956
348:0,29,176,243,405,862
349:42,45,102,104,189,333,362,466,510,520,690,693,779,874,892,930,988
350:103,135,244,505
351:
352:10,113,166,214,215,303,368,450,651,809,910,928
353:
354:33,138,246,431,946,976,983
355:9,50,92,191,202,224,349,360,457
356:21,60,78,96,129,346,369,377,414,420,437,441,443,536,591,623,833,927,930,951
357:45,85,141,223,267,343,426,433,471,532,836
358:0,50,57,101,140,145,151,217,279,311,330,339,377,480,597,711
359:188,306,355,358,613,687,889
360:139,141,171,233,274,293,418,442,547,564,631,637,834,908,953,983
361:195,338,341,496,587,701,923
362:183,195,209,226,309,320,805,888,892
363:57,177,280,310,391,395,692
364:74,110,175,211,255,378,504,674,743,770,815,936
365:13,36,43,85,97,133,233,298,340,345,453,463,518,595,606,684,792,807,830,863,921,923,931,980
366:2,45,50,80,132,134,180,204,211,359,458,790,951
367:62,126,142,148,164,330,352,419,431,470,698,702,792,823,972
368:139,205,209,276,344,418,463,496,588,667,687,698,718,738,741,824,864,893
369:687
370:137,159,372
371:12,17,73,240,349,395,396,484,514,787
372:238,310,349,439,551,763,801
373:42,121,157,223,278,344,364,546,555,561,732,824,850,935
374:71,199,888
375:43,57,87,325,590,674
376:77,80,86,228,292,421,422,626,698,706,732,739
377:74,102,110,261,280,427,502,585,843
378:47,161,252,313,323,337,432,523,536,751,786,826
379:33,75,239,289,347,357,358,386,724,764,987
380:96,215,669
381:126,298,802
382:362,647,862
383:29,75,149,275,290,480,768,772,809,983
384:44,63,308,324,466,985
385:22,186,249,307,400,499,566,589,630,824,846,909,998
386:30,32,71,136,148,150,198,344,345,371,456,741,962,996,997
387:23,96,200,355,524,654,657,815,970
388:20,28,87,115,118,126,131,144,155,198,199,220,233,358,385,499,502,617,699,723,877,913
389:135,262,328,429,548,773,953,985
390:44,45,154,196,210,275,489
391:123,124,184,361,442,802,902
392:71,100,163,273,298,375,380,497,771,933
393:13,157,255,292,357,714,742
394:7,66,87,290,333,460,471,564,749,781,883
395:274,945
396:106,111,434,616
397:149,177,219,263,369,389,597,729
398:126,254,336,357,550,983
399:32,35,42,102,254,282,400,600,750,787,840
400:227,262,316,433,444,802,815,836
401:234,466,782,981
402:34,36,77,81,86,146,177,270,515,649,653,656,662,668
403:17,65,85,99,126,140,165,166,277,354,420,469,490,598,655,678,702,703,725,892,933
404:38,113,184,254,259,306,543,597,620,672,734,805,897
405:31,93,247,511,526,745
406:110,119,236,310,372,383,543,565,651,664,678,698,746,753,861,921,960
407:4,20,133,150,178,251,432,537,546,574,622,961
408:347,432,681
409:37,62,98,107,118,162,167,194,196,712,780
410:
411:29,70,84,87,181,199,232,265,333,360,688,796
412:6,75,142,261,268,344,477,559,714,731,764,799,805,806,911,946
413:13,71,236,251,457,552,584,607,637,870,904,962
414:81,95,432,461,649,690,743,749
415:154,318,412,427,631,698,794,902
416:16,51,334,355,361,477,640,730,868
417:110,306,412,444,562
418:90,130,297,359,391,409,447,458,498,508,647,658,679,784,805,813,913,934,937
419:227,260,277,330,414,622,757,841
420:9,82,251,261,381,931
421:60,235,276,474,615,792,810,876,955
422:180,344,555,560
423:
424:61,75,413,623,647,681
425:143,178,212,367,388,399,416,447,532,599,654,699,803,859,980,999
426:20,58,357,404,885
427:104,145,208,261,272,282,349,369,419,577,634,718,735
428:123,153,236,308,336,450,651,692,855,885
429:46,57,93,109,182,329,474,801
430:391,396,538,583,799,974,997
431:27,42,44,166,180,358,517,566,691,733
432:429
433:38,169,569,684,753,889
434:80,97,253,280,406,428,429,444,948,968,977
435:74,131,169,218,319,373,447,709,772,879,948
436:389,828,965
437:190,318,336,549,559,563,841,846,953
438:45,203,221,359,459,731,753
439:113,195,296,345,401,842
440:86,273,564
441:136,267,340,399,516,554,562,708,774,780,788,821,867
442:30,73,99,220,278,285,381,391,408,451,553,683,778,784
443:226,302,399,434,774,883,922
444:129,341,399,543,583,708,801
445:23,57,106,129,235,252,300,388,409,523,624,782,921,985
446:174,238,493,591,597,632,730,786,802,822,912
447:28,117,136,232,290,355,363,463,466,475,510,516,612,631,841,897
448:346,587
449:34,283,399,443,461,480,733,783,803
450:11,65,73,95,230,234,240,257,274,277,282,346,361,378,579,590,625,672,697,705,742,786,833,886,895,898
451:2,78,80,90,94,99,116,130,181,226,243,277,317,335,340,432,437,467,494,504,525,603,711,798,818,867
452:182,278,606,703,872
453:194,202,316,408,921,940,952
454:19,51,151,231,363,397,452,576,760,837,866,900,933
455:57,251,264,391,428,519,619,641,749,758,777,819,848
456:28,38,59,80,87,104,163,197,434,592,638,739,908,944
457:125,217,276,453,954
458:95,120,553
459:325,502,538,844,910
460:39,109,141,305,315,322,333,385,428,446,511,820,880,966
461:336,372,428,439,662,735,815
462:29,44,88,125,166,270,379,399,400,526,534,704,770,773,960,986
463:36,61,86,126,144,251,272,273,278,306,318,322,349,939
464:363,373,384,419,427,458,507,554,628,993
465:36,78,93,210,298,409,516,740,780
466:125,211,443,451,465,526,935,956
467:3,19,111,318,391,592,745,934
468:1,311,386,417,463,478,499,749
469:304,335,388,551,721
470:282,829
471:262,402
472:189,206,239,274,334
473:148,266,318,446,504,555
474:31,134,155,296,540,549,627,684,712,917
475:176,186,692,800
476:136,493,538,826,966
477:171,201,210,238,446,480,482,774
478:164,282,293,354,543,944,992
479:177,198,200,241,310,316,465,475,502,781,871,908,994
480:17,42,74,101,104,342,372,412,415,428,469,506,521,590,645,700,723,771,927
481:5,103,136,137,232,336,343,541,547,549,583,607,617,665,724,730,972
482:14,35,77,259,272,321,442,451,457,459,631,686,691,815,852,933
483:0,12,16,22,82,83,161,234,266,276,347,373,386,422,485,527,558,595,634,687,729,872,990
484:156,181,225,276,311,376,390,426,486,588,691,710,840,842,909
485:92,122,199,567
486:92,177,226,357,419,427,473,587,626
487:102,189,325,346,527
488:9,65,108,250,448,450,590,620,634,912
489:59,155,896
490:38,121,213,252,500,742,828,924
491:79,157,160,272,300,577,596,691,937
492:15,54,124,159,273,275,278,293,357,386,439,567,596,628,710,761,810,884,896
493:70,74,343,611,714,790,910,960,975,980
494:16,41,61,94,96,206,283,299,343,359,480,486,567,601,628,717,759,861,904,916,919,955,966,980
495:21,221,343,413,485,762,778,933,992
496:28,96,185,189,261,264,305,403,408,454,460,529,761,784,838,888,900
497:714
498:12,99,654,726,936
499:99,137,219,247,362,388,443,459,497,518,521,550,553,608,652,773,876,912,927,944,964
500:50,91,126,138,184,223,249,295,300,320,363,371,392,401,606,791,804
501:35,115,165
502:48,65,190,283,298,355,362,568,904,932,979,984,988
503:93,116,204,254,371,555,583,808
504:14,98,221,396,501,708,855
505:64,237,438,630,695,772,824,826
506:29,43,90,128,219,246,342,392,406,496,609,637,642,798,941
507:23,30,240,289,376,647,694,756,892,921
508:79,129,189,885,886,944
509:74,88,107,164,375,407,419,431,731,739,768,918
510:16,134,312,368,485,497,773
511:38,55,77,98,99,146,245,259,274,296,300,315,340,441,454,470,506,603,659,745,746,820,853,880
512:315,488,577,787
513:51,101,153,235,311,367,987
514:93,113,523,626,682,875
515:205,628,658,878
516:85,270,453
517:37,131,139,176,309,488,647,743,754,816,833,919
518:282,306,585,635,732,751,900
519:70,132,207,275,290,401,428,793,811,834,913,941,983
520:33,164,203,373,517,567,749,840
521:56,181,274,290,298,311,634,798,878
522:31,141,219,230,248,254,287,392,467,469,542,566,641,655,805,855
523:356,363,378,576,717,785,975
524:20,38,47,62,70,235,382,401,429,588,605,654,669,765,805,830,912
525:280,619,833
526:41,51,215,218,333,347,390,965
527:21,44,57,264,280,281,293,635,701,873,943
528:0,3,65,77,85,342,479,513,844,939
529:27,447,659,958
530:36,49,245,255,381,407,425,483,524,583,613,614,716,742,813,980
531:18,43,67,135,235,255,341,361,463,779,917
532:70,110,325,600,618,691
533:58,62,77,104,113,234,258,346,488,530,613,663,684,687,704,834,903,904
534:7,281,505,532,542,627,756,872
535:88,339,353,452,496,556,784,923
536:129,194,199,510,685
537:41,52,110,174,324,358,464,496,812,949
538:95,119,130,264,318,328,387,390,400,435,482,483,557,630,645,655,661,673,764,811,905,914
539:57,130,206,316,338,390,404,535,596,714,800,903,965,988,989
540:33,135,636,953
541:102,231,236,259,292,300,323,391,402,475,505,556,611,631,638,713,724,748,793,795,816,841,960
542:1,35,80,87,96,107,133,141,149,164,193,214,221,223,362,365,511,519,532,534,579,663,696,718,726,822,829,848,850,863,876,896,901,937
543:5,188,270,283,303,507,653,661,824,976
544:520
545:11,27,91,240,312,442,528,544,610,946,986,989
546:30,42,114,145,156,185,306,311,474,501,593,622,758,941
547:9,30,147,185,223,226,462,635,700,966,993
548:760
549:4,9,14,216,408,463,579,699
550:52,80,212,594,610,641,650,666,779,791
551:140,179,397,931
552:8,80,168,200,273,304,317,478,483,699,705,795,829,934,951,994
553:416,495,514,855,958
554:42,76,81,87,88,107,116,125,184,191,325,425,481,498,534,657,905,975
555:97,211,344,407,453,516,531,546,623,664,714,728,765,827,899,930
556:4,63,72,128,139,283,529,768,817,999
557:76,500
558:156,678,793
559:97,224,246,256,285,304,356,374,382,411,456,527,557,576,581,610,714,794,821,884,993
560:52,124,232,246,523,541,607,870,919
561:44,56,91,397,619,934
562:36,208,210,325,374,395,462,489,546,547,566,692,744,822,858,861,926,976
563:35,65,122,205,428,607,655,869,919,953
564:53,87,313,517,777
565:186,233,513,607,690,894
566:82,114,123,354,396,430,468,511,556,562,574,612,744
567:3,181,195,403,425,566,596,722,785,819,883,889,951
568:126,155,307,377,417,497,500,502,628,863,939,954
569:0,221,230,428,627,686,924,997
570:190,199,211,266,371,468,537,733,748,981
571:288,316,476,785,822,829
572:71,74,98,171,176,196,242,255,333,555,842,875
573:3,331,646,732
574:21,86,147,269,309,315,446,492,521
575:188,207,378,557,573,922
576:17,206,353,902,987,992
577:85,96,118,143,168,311,356,369,391,436,600,855,987
578:36,276,379,457,892,901
579:147,570,810
580:320,440,502,557,573,734,736,863,988,991
581:16,48,52,243,262,452,461,505,698,809,862
582:88,90,140,161,329,364,366,532,777,896,992
583:10,186,260,277,337,509,538,660,803,952,986
584:42,186,221,238,281,301,377,469,470,555,641,697,766,775,856,988
585:158,223,226,255,258,270,274,310,442,871
586:26,30,45,53,74,123,169,234,289,316,349,388,430,457,472,694,696,744,858,916,936,987
587:106,124,151,193,299,467,690,725
588:10,95,137,222,307,380,523,652,672,701,729,741,781,788,811,940,972
589:173,184,185,251,518,556,564,568,579,752,853,893,946
590:62,104,136,252,280,307,451,482,501,508,530,666,692,724,815,981
591:36,63,88,182,259,279,299,311,325,336,388,460,468,469,503,510,574,641,871,874,880,890,996
592:18,23,39,81,91,239,302,569,599,739,803,839,939
593:15,27,71,137,169,242,378,387,424,470,547,657,853,854,855,866,911,939,983
594:102,425,607
595:8,288,598
596:30,108,211,252,406,457,670,832
597:1,4,37,111,138,201,225,256,268,352,538,718,857,950,981
598:19,39,68,267,374,375,474,664,674,793,851,889,928
599:3,127,134,235,581,600,706,955
600:81,115,117,172,930
601:413,671
602:34,39,105,148,232,281,312,374,403,446,504,573,576,684,804,832,833,836
603:103,257,548,712,769
604:23,43,164,344,449,456,473,489,555,767,822,908
605:207,273,345,401,456,565,715,771,819,878,885,952,963,972
606:175,236,239,329,347,505,538,549,596,750,948
607:2,19,43,69,175,202,346,422,825,867,934,984
608:55,61,99,140,231,355,391,433,451,537,609,694,720,763,811,874,966,977
609:27,67,214,297,308,349,368,526,657,659,768,937
610:76,225,396,409,498,510,519,752,759,766,827,865,958
611:26,27,282,323,411,537,562,842,864
612:136,431
613:162,269,271,459,490,542,840
614:28,86,380,381,478,480,974
615:49,366,428,541,955
616:230,322,332,385,447,620,632,676,803,904,913
617:75,107,173,203,254,610,730,872
618:66,68,82,108,129,131,160,200,210,222,281,443,638,691,708,715,731,745,822
619:113,257,292,297,524,589,846
620:62,69,112,130,194,259,302,487,502,544,605,621,770,794,837,917,926
621:21,74,129,147,150,197,232,253,384,427,463,472,502,518,531,537,538,582,653,719,755,798,817,848
622:355,618
623:74,98,114,542,619,852,905
624:254,361,437,611,613,838,965
625:88,121,184,382,452,533,593,769,819
626:1,31,35,94,156,173,257,314,335,396,437,438,478,612,618,687,740,773,784,863,960,969,990
627:75
628:108,145,461,517,545,559,576,701,800,866,905,933
629:112,151,175,266,319,484,514,687,840,850,879,931
630:218,222,652,666,673,709,879,981
631:10,35,61,65,119,160,226,265,366,368,467,542,592,629,682,752,864,886,899
632:31,98,124,197,215,258,270,280,310,343,371,425,435,441,479,517,589,594,690,694,728,741,827,975
633:376,860,898
634:257,280,298,316,382,447,499,565,969,972
635:24,56,79,372
636:38,169,208,259,285,365,518,617,718,844,881
637:38,141,194,202,221,321,348,428,509,810,833
638:6,150,178,196,278,301,302,442,485,490,559,561,635
639:
640:0,296,431,512,518,685
641:273,291,387,466,553,569,596,653,710,810,820,923
642:100,146,174,176,189,911,987
643:137,262,358,431,463,481,494,531,567,574,631,717,742,756,783
644:
645:45,108,113,525,699,962
646:121,268,427,498
647:2,32,54,182,192,240,529
648:4,151,270,312
649:321,374,429,525,580
650:
651:14,43,58,75,81,103,184,204,272,290,385,539,540,542,547,578,642,643,737,825,885,994
652:44,90,116,254,417,424,429,498,504,508,728,761,831,923,925
653:3,42,140,234,238,345,347,383,484,492,535,550
654:32,167,184,253,270,283,317,503,504,664,770,774,855,858,872,920,963
655:235,282,373,377,575,839,858,943,995
656:99,249,275,302,447,564,771
657:13,41,50,80,131,166,493,624,682,710,776
658:189,237,614,719,995
659:86,89,131,242,416,982
660:235,523
661:13,232,319,407,559
662:48,51,252,304,342,498,506,804,809,954
663:177,261,313,338,381,509,683,779,814,916
664:45,48,259,452,540,662,678,712,907
665:117,210,261,414,483,541,568,896,989
666:332,388,438,483,574,583,615,774,933
667:176,231,253,295,419,460,568,700,950
668:114,125,306,318,451,567,626
669:264,304,514,628,629,653,733,749,812,851,922,973
670:0,276,278,422,583,686
671:9,582,672,752
672:64,125,191,226,236,305,319,399,406,414,419,434,463,541,564,603,662,748,783,830,987
673:110,198,262,300,397,459,464,534,613,624,672,765,779,836,908
674:117,133,179,228,244,276,367,404,877,964
675:59,137,480,651
676:21,38,41,57,135,188,223,335,358,383,543,546,578,580,597,877,981
677:80,230,260,273,485,649,746,958
678:56,193,305,421,454,469,484
679:341,375,456,490,507,513,541,795
680:1,61,111,122,138,309,360,443,597,795,833,896,917,960
681:125,282,293,313,357,362,487,598,659,757,774,820,890
682:41,51,63,78,274,871,880,964
683:28,171,319,399,477,481,524,779,877,959,998
684:37,67,113,116,287,348,383,544,632,871,878,885,897,956,970,986
685:882
686:22,120,129,149,253,305,375,433,454,513,667,687,820,829,949
687:22,628
688:90,164,214,253,411,535,651,717,776
689:
690:158,456,608,673,737,985
691:20,67,196,474,529,531,622,693,790
692:142,235,248,301,349,405,424,611,722,734
693:118,240,389,608,666,667,786
694:27,173,175,195,247,289,309,312,330,342,595,864,892
695:23,490,592,675,876
696:969
697:804
698:35,259,394,628,651,665,693,697,738,784
699:195,208,391,436,476,499,581,871,947,977
700:198,363,436,483,519
701:20,35,61,70,120,316,358,368,407,431,445,540,546,582,655,755,780,831,936,975
702:53,88,117,123,191,257,297,332,350,494,563,641,729,842,977
703:2,21,27,46,206,275,350,439,464,497,568,627,663,670,682,746,749,750,818,849,892,906,952
704:69,175,414,422,475,698,731,920,978
705:28,37,47,124,126,149,192,215,220,285,356,389,455,522,567,584,607,776,801
706:88,112,163,252,317,367,405,424,516,581,965
707:
708:28,84,263,281,403,443,478,480,483,757,954
709:45,48,125,283,291,366,389,390,404,444,475,502,506,859,904,951,998
710:29,66,89,411,460,477,485,653,795
711:79,207,295,416,435,580,713,809,920,924,960
712:134,360,436,580,585,685,725,817,868,871,935
713:127,388,651,675,778
714:84,310,409,446,477,672,676
715:28,43,147,239,385,409,748,753,994
716:273,319,382,406,573,723
717:31,48,51,81,124,183,191,370,492,510,517,805,806,975
718:10,32,36,66,97,241,269,333,431,461,482,519,548,687,694,793,905
719:47,90,314,668,700,825,975
720:91,141,184,324,346,356,400,446,460,554,951
721:75,283,531,962
722:66,152,226,530,543,840,957,960
723:53,144,247,264,271,290,443,453,477,489,749,768,947
724:17,221,251,343,356,576,578
725:13,24,45,58,73,79,84,96,113,116,120,141,165,283,335,500,522,567,588,610,641,663,981
726:217,300,591,783
727:
728:27,44,99,128,141,283,333,402,413,431,432,495,527,562,580,598,717,760,818,867,908,989
729:218,281,433,530,672,917,964
730:0,9,54,500,633,715
731:14,139,182,355,356,395,450,455,580,597,610,675,677,849,877,961
732:23,66,70,78,180,264,281,334,356,598,609,619,627,921
733:10,151,164,237,264,407,418,544,554,593,616,715,865,994
734:110,215,238,277,371,406,417,421,463,537,540,717,755,835
735:32,45,64,316,461,480,556,638,761,768,937,953,989
736:57,154,161,290,319,355,445,486,491,547,575,655,860
737:32,311,316,398,412,483,587,754,904,994
738:85,139,145,197,359,458,484,599,629,642,658,790
739:17,26,172,179,211,304,310,374,477,511,538,544,574,717,724,731,823,828,863,885,891,922
740:29,460,624,725,735
741:528,974
742:6,70,86,234,288,314,416,431,494,519,524,681,687,869
743:46,181,452,501,541,562,640
744:157,163,286,295,305,348,530,698,699,833,917
745:9,80,180,256,352,416,457,463,465,749,770,904,999
746:11,35,68,186,191,204,235,299,344,359,448,482,485,570,573,695,701,768,845,907,961,997
747:78,234,780,809,956
748:252,289,338,384,406,470,858,949
749:1,39,70,90,144,215,288,425,530,573,840,872,929
750:111,223,346,357,462,513,583,592,664,680,686,812
751:26,299,322,377,540,569,607,620,643
752:3,173,209,278,293,374,469,513,581,635,705,747,773
753:160,164,167,208,224,255,379,476,565,686,701,736,802,994
754:18,50,237,257,720,743,889
755:121,143,398,428,704,865
756:67,176,207,238,301,305,311,318,325,428,520,547,568,588,643,693,695,754,788,841,896,953
757:55,124,391,500,523,711,749,784
758:96,194,221,365,592,602,633,871,874
759:10,466,560,691,742
760:129,335,558,628,631,784
761:132,356,375,412,629,997
762:699
763:56,66,159,182,189,222,226,358,421,447,493,560,598,619,671,672,749,786,988
764:301,646,730
765:56,178,185,206,494,555,575
766:60,65,73,203,329,406,418,454,529,539,545,573,604,623,626,854,903
767:1,54,297,321,375,603,624,642,708,771
768:338,451,536,541,778,962
769:26,28,188,226,413,470,500,558,589,636,805,820,969
770:15,92,198,216,233,324,356,362,386,435,488,491,728,741,819,862,974
771:74,347,511,524,722,895
772:222,323,390,585,705,763,782
773:30,38,70,83,376,409,504,515,575,660,782,889,987
774:47,115,137,179,188,213,249,330,333,445,484,508,527,537,693,768,911
775:61,194,216,277,479
776:60,96,120,282,304,347,419,438,547,572,785,848
777:51,108,717,758,803,849
778:45,47,49,54,105,202,408,672,738,795,889
779:31,178,405,549,631,791,809
780:84,135,459,509,546,552,897
781:90,126,388,539,813,914
782:2,124,206,276,361,478,481,526,577,657,666,787,788,812
783:78,152,213,273,460,575,732,734
784:10,18,20,220,224,285,287,374,412,456,527,575,726,813,827,848
785:55,103,125,171,180,241,274,336,509,525,610,827,846
786:72,79,85,193,209,243,255,360,466,469,578,587,690,733,960
787:11,21,22,59,86,120,140,329,433,502,546,589,780,874,922,961,985
788:111,213,251,430,458,562,579,838
789:
790:208,437,500,628,717,926
791:90,395,686,817
792:5,211,237,296,304,412,497,504,517,679,791,820,998
793:24,57,111,177,235,267,285,374,474,477,552,555,567,601,648,705,781,943
794:71,125,251,369,466,474,496,629,630,669,924
795:448,877,954
796:45,52,402,458,736,742,894,958
797:80,151,156,206,213,267,354,362,400,453,464,487,536,609,626,628,739,754,805,865,886,899,900,942,950,976,980,987,999
798:78,157,285,330,402,450,599,693,728,744,758,949
799:62,181,196,221,371,405,441,496,506,528,606,619,919
800:44,168,236,281,315,329,341,372,440,476,555,608,694,752,821,835,851,976
801:20,31,130,235,296,314,356,385,397,741,844,879,903,948,954
802:14,92,162,230,319,330,428,461,489,500,549,651,682,757,763,846
803:14,289,301,316,418,608,723,726,735,736,759,796
804:24,71,223,246,260,329,354,558,637,645,758,767,776,857
805:68,198,202,258,591,636,649,888
806:22,110,140,175,189,219,220,235,276,332,352,358,382,421,439,582,646,686,914,953
807:71,280,485,505,640,676,793,939,951
808:21,71,196,304,386,424,558,692,752,773,826
809:1,107,131,261,315,384,386,400,488,698,773,800,829,926,938
810:31,114,128,287,356,429,642,755,767,831,947
811:251,358,371,421,505,564,673,688,899,909,926,951,985
812:38,84,592
813:189,194,219,327,681,713,799,933
814:102,356,468,538,555,693,717,877
815:2,57,139,177,232,587,608,788,800,881
816:36,120,238,396,448,537,565,595,645,700,813,906
817:260,322,366,466,590,759,770,834,975
818:167,168,710,752,804
819:52,74,122,223,226,259,314,445,532,536,546,631,648,671,775
820:55,88,227,296,393,528,630,640,766,781,884,977
821:167,226,812,934
822:10,27,36,501,521,619
823:23,61,82,94,150,155,195,323,402,465,478,564,571,597,606,618,660,711,721,732,749,809,873,920
824:101,205,493,530,535,586,782,819,974
825:21,66,68,134,209,225,371,414,459,485,492,517,588,652,666,687,737,754,802,808,863,887,895,939
826:138,350,509,574,725,790
827:5,24,90,96,250,394,411,418,433,499,565,573,598,643,732,747,927
828:63,123,334,469,564,746,860
829:20,74,107,130,395,434,465,490,491,542,546,590,605,658,924,989
830:194,335,469,782,980
831:29,201,285,365,394,647,677,788,927
832:9,239,336,581,702,839,942,999
833:74,77,178,220,232,367,399,549,737,832,958
834:756
835:378,920
836:88,179,209,217,571
837:348,495,684,786,992
838:1,231,286,444,466,468,793
839:
840:19,28,94,300,358,443,757,809,938
841:24,171,204,286,299,559,635,661,681,855
842:8,72,133,185,307,415,420,558,604,617,648,805,874,896
843:160,200,220,221,358,491,511,833
844:60,84,107,164,376,535,564,568,833,975
845:267,520,581,996
846:39,50,126,209,299,374,379,395,420,601,672,731
847:
848:86,516,893
849:3,70,258,315,383,392,454,462,549,597,661,766
850:664,817,880
851:245,286,303,349,388,429,468,470,572,685,712,752,983
852:193,248,529,672,703,708,930
853:10,194,201,237,248,442,446,691,762,779
854:58,94,238,243,309,474,523,527,613,677,779,864,978
855:23,134,174,178,447,461,705
856:23,85,94,114,136,222,226,272,314,394,445,481,537,552,667,678,681,778,797,827,898,953
857:9,69,70,272,381,430,517,582,709,715,894,927,972
858:44,246,278,339,354,368,391,400,466,530,564,567,708,748,844,848,889,890,896
859:214,280,299,407,783,857,982
860:144,392,440,601,812,832,990
861:0,23,96,116,133,152,252,274,802
862:26,136,230,311,570,613,669,944,996
863:56,413,463,493,500,575,593,715,898
864:79,110,217,244,280,345,389,495,524,631,814,891
865:28,83,99,106,278,362,431,493,524,620,776,864
866:182,189,262,266,478,499,680,791,882,899,984
867:0,135,186,201,230,233,249,377,448,537,555,612,663,672,725,787,821,840
868:55,139,181,276,537,774,839
869:47,102,186,422,426,487,597,729,733
870:856,866
871:38,54,81,185,254,296,393,498,619,645,674,764,807,825,906,994
872:139,192,204,379,401,403,653,713
873:20,93,197,253,360,527,868,961
874:27,63,93,150,157,245,265,291,345,385,460,462,507,656,717,790,805,806,843
875:67,233,238,340,668
876:39,163,577,802,868
877:26,91,112,134,373,418,439,461,584,590,617,643,657,804,871,882,934
878:46,85,94,105,132,378,400,440,452,551,563,565,575,625,645,650,663,699,730,793,808,862,867
879:204,259,406,730,876
880:358,450,544,702,726,806
881:130,147,177,632,884
882:135,367,409,450,589,687,715,806,948
883:79,213,268,307,404,559,560,590
884:4,270,589,669,736,806,924
885:17,104,108,211,214,336,364,538,656,679,717,802,835,868
886:303,337
887:461,652,693,849
888:154,167,200,211,252,260,448,492,505,522,538,565,593,597,648,728,732,809,832,848,866,879,932,941,946,950
889:60,76,136,181,253,380,592,911
890:112,387,456,464,587,734,770,775,791,941,985
891:330,397,424,519,794
892:36,72,118,244,276,460,547,548,556,631,902,979
893:83,101,131,238,249,256,332,367,746,821
894:53,113,128,332,356,375,403,422,447,458,538,549,622,667,677,721,755,818,830
895:33,194,221,241,592,623,823,872
896:3,53,75,85,216,237,241,278,296,438,512,703,733,734,766,813,863,922,975
897:0,339,362,506,921
898:100,534,537,752,794,817,868
899:54,113,173,253,344,608,873
900:6,8,104,146,155,178,287,305,341,438,470,536,600,676,705,790,985
901:193,318,704,749,753,879
902:106,110,159,201,255,379,504,631,704,867,918,926,943
903:13,793
904:24,150,348,379,473,499,523,540,581,682,699,806
905:1,146,156,242,291,320,427,483,533,610,695,721,737,870,985
906:84,151,156,388,732,744,914,919
907:250,302,305,314,483,609,733,882
908:67,261,304,377,436,566,581,739,759,900,902,945
909:126,165,412,443,459,546,560,848,936
910:55,86,98,147,168,196,201,224,243,260,274,285,411,415,442,488,571,757,806,943,950
911:109,144,151,190,206,339,511,515,614,706,710,739,851,868
912:394,538,681,682,983
913:75,97,144,342,406,481,560,580,606,687,715,737,740,757,778,924
914:42,79,99,274,286,331,497,621,739,798,799,835,843,860,883
915:
916:16,21,27,235,240,403,478,481,609,620,732,737,764,798,844,975
917:49,153,157,178,184,317,359,366,427,442,491,500,584,630,685,704,784,803,901,906
918:658,939
919:13,269,288,376,571,585,704,725,769,792,851,878,895
920:194,571,889,890,903,997
921:11,24,385,407,449,475,487,526,703,812,934,951,959
922:54,135,159,220,263,285,355,401,475,510,604,614,643,682,697,854,858,890,925,931,962
923:130,149,151,182,289,315,366,432,511,534,671,756,774,860,962,973,977
924:4,131,232,258,295,359,450,455,465,484,486,502,503,520,621,648,704,735,863,867,871,901,908,945,947,973,991,998
925:369,378,538,542,667,777,783,813,860,877,888
926:2,33,156,220,251,277,364,381,451,535,610,621,806,817,852
927:167,202,396,467,626,730,765,817,834
928:51,109,135,293,346,575,636,742,943
929:75,88,192,576,728,822
930:65,359,472,570,595,600,617,620,626,810,859
931:15,29,31,115,143,168,228,396,450,475,508,565,582,584,730,913,965,993
932:137,373,381,438,451,654
933:138,176,200,236,247,427,479,482,489,518,526,650,665,701,716,724,725,849,904
934:133,235,237,238,295,374,522,525,723,741,752,818,855,863,992
935:93,324,390,500,716,739,740,767,848
936:91,98,132,135,155,184,202,258,377,383,388,505,524,549,672,680,703,724,751,766,812,836,884,891,900,903,910,914,964,968,986,998
937:34,81,89,138,230,237,271,339,369,371,509,538,542,576,673,692,898,906
938:517,894,989
939:36,77,160,180,232,473,548,660,710,838
940:46,47,49,59,191,254,270,278,367,370,414,532,553,621,653,783,876,896
941:75,93,156,198,363,768,957
942:48,127,201,213,384,411,482,558,587,797,828,969
943:48,62,266,333,414,498,665,790,799,906,981
944:236,252,605,686,786
945:1,240,537,573,584,872,987
946:12,15,46,155,250,289,560,597,740,757,939
947:377,382,408
948:14,53,86,92,97,157,195,208,367,537,558,566,703,709,711,722,757,833,878,893,896,938
949:79,151,372,389,424,470,474,538,582,665,704,741,756,871,947,985
950:333,341,461,616,879
951:238,492,550,602,621,912
952:32,76,196,220,230,247,337,344,373,511,592,630,735,872,921,948,993
953:122,261,267,359,368,625,744,763,869,906,934,968
954:37,950
955:107,114,159,165,239,250,286,386,404,416,418,446,456,482,517,576,630,708,780,812,819,919,926,974
956:63,93,428,519,842
957:189,315,325
958:600,873
959:256,295,306,349,365,385,443,529,592,638,685,709,770,790,885,890
960:53,72,134,135,152,169,364,456,647,680,686,807,819,826,827,894,937,961
961:20,338,349,449,504,564,580,824,825,926
962:120,135,243,320,323,355,409,490,606,757,759,809,817,911,921
963:76,111,134,145,277,334,428,434,437,590,721,759,856,983
964:90,145,227,583,601,829,832,890
965:2,20,56,107,219,444,479,605,613,615,749,770,983
966:18,30,41,160,179,228,244,279,310,378,381,435,517,678,713,724,892,991
967:
968:185,499,533,642,699,778,894,934,983
969:77,421,444,599,614,688,730,786
970:14,43,52,99,132,273,302,382,418,449,495,611,690,718,810,827,838,985
971:111,324,370,380,552,614,657,879,900
972:122,152,204,508,723,742,869,875
973:16,196,201,213,349,378,458,478,499,562,590,605,647,690,823
974:49,174,233,249,439,892
975:62,86,137,212,258,371,879
976:11,75,93,107,117,196,217,407,433,436,569,820
977:50,188,236,268,276,285,370,425,492,567,571,575,666,693,734,821,887,957
978:235,680,765,906,922,924,949
979:80,107,111,144,195,231,335,368,531,590,602,640,710,715,750,777,806
980:44,62,205,298,416,468,497,803,820,892,905,934,951,984
981:12,181,217,234,433,458,477,725,742,786,796,843,931
982:35,149,309,313,315,365,376,385,484,541,557,559,623,662,978
983:41,160,221,222,350,374,432,512,546,800,919
984:112,141,222,272,281,381,400,455,491,508,518,526,656,726,994
985:52,168,396,505,558,600,656,684,692,779,802,856
986:23,45,108,206,217,233,296,306,378,508,545,602,605,655,809,827
987:37,161,196,254,311,640,651,660,754,786,787,865,882,910,925,998
988:3,32,59,100,165,201,215,295,307,407,591,774,839,888,895,899
989:1,75,614,830
990:17,26,309,343,482,545,598,684,693,804,909,955,978
991:45,53,141,234,432,607,779,869
992:52,460,809,925,965
993:81,406,459,578,703,819,827,881,998
994:119,167,214,234,424,459,464,494,518,519,541,557,590,719,731,844,945
995:36,131,135,177,192,250,296,300,304,353,360,376,462,464,506,517,585,653,683,708,756,814,837,890,942,964
996:23,381,441,449,484
997:54,336,471,477,496,902,987,996
998:7,141,168,272,372,381,480,664,684,701,821,823,863,986
999:152,250,614,702,734,901,911
